Question 1:
[[  1.3  43.    1. ]
 [  1.3  37.    2. ]
 [  1.3  27.    3. ]
 [  4.   84.    1. ]
 [  4.   92.    2. ]
 [  4.   69.    3. ]
 [  2.7  58.    1. ]
 [  2.7  64.    2. ]
 [  2.7  55.    3. ]
 [  2.2  58.    1. ]
 [  2.2  70.    2. ]
 [  2.2  54.    3. ]
 [  3.6  70.    1. ]
 [  3.6  89.    2. ]
 [  3.6  66.    3. ]
 [  4.9 100.    1. ]
 [  4.9 130.    2. ]
 [  4.9  95.    3. ]
 [  0.9  27.    1. ]
 [  0.9  38.    2. ]
 [  0.9  15.    3. ]
 [  1.1  29.    1. ]
 [  1.1  43.    2. ]
 [  1.1  17.    3. ]
 [  3.1  63.    1. ]
 [  3.1  69.    2. ]
 [  3.1  60.    3. ]]

Question 2:
[[1.3  0.37 2.  ]
 [4.   0.92 2.  ]
 [2.7  0.64 2.  ]
 [2.2  0.7  2.  ]
 [3.6  0.89 2.  ]
 [4.9  1.3  2.  ]
 [0.9  0.38 2.  ]
 [1.1  0.43 2.  ]
 [3.1  0.69 2.  ]]

Question 3:
[4.9 1.  1. ]

Question 4:
13

Question 5:
0.08552113334772216

Question 6:
[[0.43 0.37 0.27]
 [0.84 0.92 0.69]
 [0.58 0.64 0.55]
 [0.58 0.7  0.54]
 [0.7  0.89 0.66]
 [1.   1.3  0.95]
 [0.27 0.38 0.15]
 [0.29 0.43 0.17]
 [0.63 0.69 0.6 ]]

Question 7:
[[0.35666667 0.06599663 0.27       0.43      ]
 [0.81666667 0.09533566 0.69       0.92      ]
 [0.59       0.03741657 0.55       0.64      ]
 [0.60666667 0.06798693 0.54       0.7       ]
 [0.75       0.10033278 0.66       0.89      ]
 [1.08333333 0.15456031 0.95       1.3       ]
 [0.26666667 0.09392669 0.15       0.38      ]
 [0.29666667 0.10624918 0.17       0.43      ]
 [0.64       0.03741657 0.6        0.69      ]]

